99
348
120
447
460
5
355
115
139
286
470
73
166
163
183
76
71
429
300
8
336
232
369
269
55
449
202
288
173
478
78
196
428
207
415
151
32
40
43
177
127
335
404
185
162
466
255
315
131
116
161
271
49
198
385
381
354
364
365
392
500
204
21
156
103
383
497
403
265
332
67
167
176
273
17
11
477
424
90
472
436
479
464
165
117
33
225
4
343
210
133
437
471
268
132
278
371
74
88
41
409
284
427
222
402
338
276
312
483
247
363
453
486
89
360
34
374
405
96
398
81
178
422
303
208
24
441
140
83
28
29
490
195
291
357
375
15
108
186
141
344
414
111
314
420
119
3
476
290
193
106
444
215
240
158
301
367
219
256
142
37
135
407
462
164
75
251
47
350
356
438
7
223
85
425
12
63
457
491
400
386
254
68
433
209
159
285
351
454
91
432
341
498
27
267
331
334
51
224
359
377
324
481
399
487
492
461
126
77
499
304
100
322
192
318
380
305
212
293
113
229
496
45
495
395
346
468
101
53
87
319
44
419
440
169
435
46
488
452
242
408
370
493
373
257
443
238
279
347
203
188
170
342
345
430
250
397
199
390
480
323
442
258
66
57
50
52
463
25
489
434
143
418
144
308
245
330
221
485
368
243
216
413
130
26
317
382
234
152
201
325
410
42
175
274
125
244
439
19
406
280
30
64
1
86
299
31
184
54
6
458
263
97
387
340
252
246
451
18
9
494
333
307
372
56
147
394
160
59
353
16
248
349
230
150
289
172
448
124
138
473
227
396
358
48
98
261
391
469
384
82
137
287
145
389
237
112
253
79
249
93
446
361
467
157
311
298
226
450
10
309
65
379
155
362
270
297
459
455
200
84
376
275
417
13
474
482
109
134
411
235
107
465
36
328
295
233
191
445
110
95
393
266
123
426
220
260
218
282
401
182
416
92
281
327
310
129
72
61
321
306
484
316
187
114
277
58
136
148
456
94
475
294
181
14
326
352
259
388
197
105
236
296
339
174
213
412
70
2
313
104
23
366
189
214
431
22
60
217
128
262
149
190
80
121
329
171
272
20
194
154
228
211
69
62
320
206
205
146
179
292
239
231
302
283
118
264
35
337
102
153
122
421
378
423
39
180
168
241
38