263
 92
386
389
115
470
227
321
366
388
 20
143
272
311
 19
498
373
232
280
138
421
329
477
274
107
364
380
306
118
397
271
408
418
338
488
343
183
217
349
292
339
105
 60
315
 88
485
 22
415
384
319
 50
 28
346
375
212
304
245
410
185
 65
180
177
 45
243
233
322
387
  3
453
256
316
378
450
393
199
 67
 48
131
455
443
 40
318
261
317
220
358
356
474
103
312
309
281
  7
495
492
299
186
163
500
119
204
 99
430
161
101
377
484
428
152
276
327
201
 76
241
342
147
275
 46
 17
156
110
266
179
154
404
112
257
391
 62
 29
238
399
 89
164
330
347
231
175
170
 64
 39
 15
 42
420
429
411
172
 31
497
153
137
104
305
139
379
357
381
398
 25
191
295
 90
171
 91
195
449
 71
253
 35
 81
285
345
427
 63
123
  2
 58
439
 32
221
160
289
403
466
 24
395
363
269
187
174
351
108
487
176
 36
 37
192
 86
448
157
166
462
442
237
213
451
140
  9
258
 12
 44
151
452
246
303
198
370
390
210
234
401
106
283
165
 53
454
456
326
  8
354
178
320
385
278
194
333
472
352
265
133
423
417
 83
145
259
127
288
463
323
188
437
419
 87
491
 78
159
277
300
247
205
203
279
 16
444
 38
251
436
367
355
111
248
468
337
 34
219
425
440
396
407
461
196
493
 84
162
286
307
120
 79
 13
134
189
480
445
 68
216
260
467
250
 80
114
 21
208
361
264
324
 54
125
 72
 56
344
155
109
290
 96
392
142
291
116
242
447
135
121
457
371
435
273
431
215
438
 70
239
182
362
301
 52
211
400
 97
113
224
374
282
236
 41
302
149
489
229
255
459
359
254
100
469
  6
 26
473
 61
146
214
 57
 82
412
406
235
 69
471
422
482
458
394
122
496
218
207
331
424
 49
294
 75
 85
476
465
 98
293
 66
 55
360
190
158
479
314
494
 14
348
460
335
434
297
 74
 11
230
 10
284
132
228
244
 95
144
334
 18
  4
249
409
136
287
433
128
262
432
298
 47
464
 33
206
483
240
414
  5
365
341
268
332
267
 43
 59
499
296
413
313
141
310
402
209
124
478
426
441
 93
  1
446
270
328
 51
405
308
369
117
481
325
181
340
490
368
252
126
193
223
 27
416
383
336
202
226
 94
486
225
353
200
 30
173
130
167
169
222
 77
148
382
350
 23
129
102
475
372
168
 73
184
197
150
376