278
218
417
351
337
385
479
50
145
269
414
403
35
454
219
376
478
267
171
205
175
248
220
420
378
486
29
70
57
66
166
362
391
483
392
245
98
323
270
25
481
445
369
333
361
489
103
421
62
313
239
381
296
165
294
304
49
253
149
73
310
408
383
410
132
249
155
43
497
275
374
286
63
90
380
104
428
1
276
135
18
131
32
494
11
243
47
451
477
93
190
101
68
164
54
258
176
484
379
114
293
330
346
448
370
419
138
387
122
474
139
409
30
235
97
488
27
375
318
13
142
274
332
316
340
412
159
298
28
178
285
106
200
452
143
82
136
92
389
201
246
416
297
59
404
16
215
157
52
199
153
198
255
196
105
160
466
237
324
161
357
120
439
208
216
72
461
440
358
80
254
51
127
9
268
158
46
303
76
108
462
263
2
39
350
4
259
170
394
401
437
247
441
348
17
119
341
83
470
447
241
464
134
58
124
195
407
465
75
343
335
152
107
71
485
240
60
424
172
377
396
469
192
449
427
163
317
44
61
491
395
88
359
493
102
191
19
125
251
227
189
312
148
443
130
22
458
151
209
373
339
150
402
299
256
384
45
356
213
329
480
432
314
368
271
232
367
386
69
475
225
355
280
67
289
250
364
123
81
500
365
302
327
115
496
77
64
34
492
288
260
188
371
20
126
406
79
121
353
400
482
226
146
177
459
231
222
499
111
233
85
438
430
99
86
7
265
128
467
471
446
388
212
74
397
137
53
154
36
187
229
197
495
5
315
228
307
217
110
38
65
418
455
6
328
311
12
390
422
210
140
203
3
415
181
129
352
283
144
436
184
468
322
183
56
14
15
194
363
295
450
262
460
405
223
78
41
331
273
133
173
292
306
487
354
221
281
425
179
147
413
382
169
266
112
336
261
308
238
156
453
456
230
291
473
207
372
347
185
490
360
167
242
290
476
399
100
116
21
282
434
193
435
366
345
186
180
326
442
398
37
444
162
423
342
23
244
472
202
344
498
252
334
393
8
84
236
301
457
264
429
42
321
10
463
87
174
284
24
168
48
300
94
325
33
309
96
91
431
319
320
257
279
338
287
109
305
31
113
204
234
277
426
95
182
40
433
55
272
117
118
211
26
141
206
411
89
214
349
224